12754555
13082133
12695460
12980042
12695437
12754614
13095564
12992952
10745311
12695339
10729266
10348100
12921441
10349248
10773542
10800843
12781140
12695427
13163205
12695305
12855345
12695374
12695521
10558809
10348421
12926301
12754568
13007480
12884190
13185629
10348391
12754534
10348207
10790861
10451082
12695371
13180921
12754637
10347956
12695397
13161797
10610776
10348522
13162806
10591777
12951313
10558034
13164754
13144292
12780597
10715186
13073274
10772506
10495830
12950495
13141821
10495727
12754514
12695250
10347897
12695477
13128484
13161014
13096298
12695502
10818366
10595946
12695493
10347916
13129598
10348157
12695361
12695536
12754560
12979713
10348489
10348245
13004809
10790702
13021167
13094309
12853725
13140432
12850584
12754606
13094317
12852872
12836634
13129597
12695334
13140447
13191328
10556054
10713640
10710100
10348002
13163592
12991244
12756350
12695409
10348246
10348612
10778515
10348339
10348159
13095409
10778377
13018781
10696403
12695532
12754619
10765194
10547305
12971699
10803557
12996531
12695362
10738312
10348626
13063004
12695468
10451233
12852870
12991521
12876426
10798790
12818841
13007477
12695438
12695258
13065863
12886527
10495611
12886525
12832504
10348097
12981470
13150553
13131555
12695466
10348052
13098476
12989838
13164103
13129607
10693144
10348808
10802581
12754633
12834170
12754645
10348010
12695420
12695441
10495675
13040837
12781998
13129594
10495775
13129595
13130384
12695547
12695540
10349029
10763129
10348536
12695262
10495558
10348289
12695332
12695373
12695311
12695451
13007478
10348810
10348299
12949019
12695271
12981871
12999610
10451018
10540629
12781600
10567564
10495808
12816559
10348050
12695379
12695544
10774100
12695423
13076575
12967580
12695341
13095195
10348098
13082442
10495833
10819124
13129988
12967584
10713245
10348167
10348260
12695331
10495831
10349041
12949022
12836945
10348948
12695369
13129984
12695393
12695380
10779966
10348368
10813276
10728164
10348384
12754567
12695462
13128801
10773412
12754657
13129992
10781183
13062226
12754528
12695446
12695426
13081054
13006815
12695387
12695398
12796807
12695318
13140441
13019558
13141944
13137248
10451057
10349119
13023843
12799911
10798980
12796811
10823738
12695539
12695444
12695236
13141946
12695541
10626720
12695285
12695526
10451285
12754510
13191329
10348767
12978208
13137884
12695543
10348441
10348550
10348546
10349010
10347963
12754611
10348003
10348076
10765588
10349140
10348458
12918562
10719067
13131559
12695279
12876423
12754599
10348374
12754601
12833195
12754574
13143947
10450916
12964375
10348276
10348862
12853374
12949020
12695329
13012317
12695443
13161013
12695524
10509605
12695364
13094310
10772547
12971205
13139437
10451067
10765195
10348418
12754506
12695237
13020154
12754533
13074203
10348061
12950000
10348561
10759436
12695416
10348663
12695552
10696371
13076573
10674689
10348272
10348163
12818178
12754521
13047289
12695378
13016661
12754504
12695381
12695251
12764109
10347931
12695322
10693592
13052161
10348119
13045309
10495561
10545674
10819960
10348282
10495723
12833200
10694868
12918589
10765587
10451157
10349212
10348257
12853435
12695261
12754557
10348023
10710939
12754502
10348127
12884892
12695472
10737258
12695264
12992612
12971487
10545166
12695247
10348419
10684089
12695479
12695260
10695861
12971489
10747663
10348640
12754590
10349089
12981464
13046047
10349008
13142199
10349173
12695482
13128798
13020156
13063784
10779017
12796810
12950001
12950003
10636040
10712657
12695325
13047771
12695255
10348087
10347886
13040430
12695528
10451054
13073277
13137249
12695273
12980310
10495687
13116629
10800581
12695354
10349130
13150492
10348268
10495716
10348799
10348318
12695349
12833196
12864584
10348646
10549618
10705708
12754592
13130570
12853728
10348137
12695513
10348128
10347922
12780596
12695241
10348769
10348218
13140815
12695238
13191326
12695343
13163201
10347961
13046046
13074201
10778380
12894565
10818450
12695436
10348287
10729455
10348478
10348108
10348083
12919219
10347993
12978202
12966022
12819192
10348509
12949018
12991520
12695298
12879355
12695324
10347935
12695274
10818872
12833202
10348568
12754508
10451258
10795570
13066094
10705372
10349043
10781519
10348189
12853376
13037198
12781142
10348193
10548599
12935631
12695454
12754522
12981469
10347915
13062187
12754512
12695333
12695280
13035797
13163208
12695377
10348280
10348929
12695268
12695450
12754511
12695512
10348288
12695404
10515073
10785389
12971206
10624993
10650469
12766083
12695389
12980794
12926728
13040429
12981466
12994734
12754520
10668866
12695501
12754503
12996532
12795883
10348545
12695284
10348547
13066370
10348720
12695330
10347954
10515078
10450919
12883472
12813827
12781602
10348129
13048272
12833199
12948474
12832502
10347987
13076571
10348049
10693593
13128478
13076570
13067018
10347924
10348254
10702587
10803736
12919218
10348590
13077147
10451177
12833197
12798694
12695542
10713130
10495762
10348678
12695448
10451039
10348259
10548727
12695400
13140454
12695304
12695246
10348905
10348202
12695537
13139288
12695297
10348095
13164302
12885783
12695495
12695461
10348894
10778758
10713129
10812425
10745742
12695243
10778606
10348572
13129596
10588956
12695432
10348714
12781601
10349063
12695346
12695421
12967581
12754577
12695386
13076572
12971698
10348423
13065865
13184370
10348092
12819191
10709543
13038295
12695481
12695476
12695492
12808771
12754616
12859061
12754527
12695282
12695363
10773161
13081055
10348688
10727977
12971697
13040432
12695355
12695338
10813277
13128806
12834717
12695514
12812711
10451262
13127456
13139379
12754596
13065864
12695376
10348694
12695406
12695410
12695509
10451122
12780595
12991727
13141822
10348461
13056560
12907880
10647686
12754579
12695499
12754573
12695442
12754564
12695254
10451178
12695356
10818875
13139289
10542060
10348470
13038687
13049248
10645184
12878554
13004808
10451065
10644280
10349245
10348577
10495735
12992465
13036648
12768797
10729081
12924363
12754607
13137886
12983315
13129592
10450966
13020153
13150491
10450989
10348389
12984402
12695288
12754545
12695313
13021166
13130208
12695505
13063007
12695473
10555866
12695504
10349061
12754516
12754517
10348902
12951737
10347898
10677697
10450971
13128804
10349232
12695303
13098477
13063786
13007479
12857530
10703256
12695370
13064918
10348290
13049247
12695307
12754549
13129987
12695488
13018776
12695319
10451241
13062186
13095407
10778614
12836094
13038296
13150320
10348486
13076569
12924395
13095406
12754569
10347923
12695487
10715185
10451040
12780594
12927418
10451090
10495715
10349110
12695520
12754553
12950002
12755567
12767647
12754556
12818183
13082023
13095410
10348215
12754628
10347904
10716626
12695529
13038691
12695292
10347999
13046048
12979711
12695413
10348196
10348710
10348983
12695392
12754563
10778378
10515831
10348765
10348533
12921442
13163203
13140817
10694957
10348436
13188161
13038694
13191330
12754566
12695300
13045306
13047773
10765193
10347892
12851634
12695525
12695431
12887078
13164661
12695490
10348031
10348695
10348601
13163202
12852869
10348596
10557038
13007923
10695829
10594386
10779977
12966025
10796474
12966024
12991245
12695323
13129985
10347948
10713128
13129600
12781598
10558742
13039915
10695782
12754622
10451279
12695293
13019556
10495559
10348836
12966023
10799701
13077178
12695344
10348367
13074982
12817636
10515830
10348188
12780592
10348232
10540888
10588313
12695327
12835263
12754519
13140434
12695310
13004807
10348451
12695456
12695551
10349241
12695306
13004805
12695405
10451228
13189252
10737891
10495576
12836413
10348918
10348234
12971210
10349144
12835306
12834716
13145119
10348438
10348060
12754634
13047287
13131557
10756387
10740386
12695418
13019555
10736422
12695299
12853729
10772854
10347938
12695475
10347997
13074198
12991959
10712591
13020826
12774695
12695399
12695458
12754639
13038036
12978204
10794091
12695453
12695259
10349175
10348574
12981465
12695388
10658876
13163591
10348585
10736314
12831253
13129593
12695317
12695360
12883475
10347921
13077503
12754589
12793589
13130675
10348074
10348433
10347996
13077148
10348271
12695445
12754525
10451069
13047288
13137887
12695256
12800347
12695457
10349221
10778608
10348033
10348559
12796806
12925182
13142336
12754647
10495766
10526634
12754627
13063002
12695296
12968832
13023783
12695372
12864579
13026074
12754505
12971207
12971696
10347974
12695402
10348956
13067717
13163877
13141614
13035793
12695321
10697403
10348609
10810458
12695336
12780598
12754961
10348907
12695314
12754621
12695465
10348072
12695459
12754550
12695415
13081058
12695396
13184368
10348721
13036646
10810452
12695286
10347969
12988097
13161011
10803282
12971208
12884174
12754623
10727045
10347918
10818157
13095193
10348231
10348155
12695500
10349161
13141617
13140450
13018780
13051127
13077156
12989837
10347911
12695523
10540628
12754500
12695440
10710850
13130676
12763012
10764641
10348040
13012517
10747664
10537312
12832503
10537181
13077504
10348428
12695375
12978203
12991011
10781178
12695239
10636396
13064251
13038297
10450944
10695008
12695464
10736220
13021570
10347906
13130385
12754561
12695494
12695401
12918588
10348558
12754562
13040163
10348113
10349149
12971488
10800778
13131553
10652397
10348953
13064230
12801254
10347927
10495828
12695498
12695545
12695429
13162804
10711952
12949017
13091978
12754594
13021918
10451166
13073273
13040970
10531289
10348751
10548726
10451260
10495809
13081484
13012516
12695347
12695335
12754625
10348297
13095412
12695527
12695417
10348753
13129986
10348459
13163204
10348323
10348892
10348353
12695467
13074981
12982310
12754609
12695549
10635798
10348134
12983590
12983263
10451062
13184366
10723567
12695533
10450997
10348916
10646046
12973959
13140440
12695240
10759847
10348199
10348102
10684087
12754558
12754543
12695382
10347959
10451000
13140445
12926729
12951521
12950492
10349165
12695511
12695287
10719444
13142200
13038692
10349143
12695496
12695508
10348416
12754509
12695430
12978207
10773256
12754554
13139430
12980041
10349216
10772060
13188160
10716807
13139429
12695408
10347979
12695517
10495568
10348854
12695358
12761458
13128800
13046050
10496115
13076568
13139439
12967585
12991246
13038035
10721323
10495602
12876425
12754544
12695328
10348208
12695478
10719068
10660677
10348200
10495555
13139435
10349197
10347891
13190909
12695538
10775422
13019559
12768798
12918560
12754642
10348006
12834715
12695484
10660851
10522112
10450951
10643824
10348146
10495739
13141170
10347962
10495776
13066704
10548667
12921443
12695506
12984629
10728393
13007225
10348059
12754629
12695480
12754582
13187652
10348223
10348824
10659000
12695272
13064252
12754602
13094314
13095194
13116627
12695486
12950896
12766378
12754501
13005445
12983314
12964428
10495837
12830083
12695252
13184365
10810767
12695385
10717461
12695294
13023784
10555867
13063011
12853436
12754613
13096102
10347981
10745263
13129601
10495744
10348637
13163879
13024002
10495682
10347955
10501417
12835710
13021917
10348850
12884189
10451053
13062171
13091979
12695366
12951316
10348878
10813419
12949016
12695383
12695395
13022203
12695534
10778828
13142108
12754513
12796808
12695248
10348181
13127457
10495845
12695315
12965002
13140038
10348397
13144960
10348889
10347917
10515071
10684090
12781599
10738314
10705707
12982124
10348840
10348952
10495760
13128476
13026073
13035799
12766082
10348933
13095411
10348082
12695353
10348629
13012656
13163590
10451226
10778831
10348248
13076574
10349004
12833198
10348648
12695550
13128479
13129609
13035794
10348302
13131554
10818372
12695320
12695265
12695428
13161010
13191327
12754610
12695497
13040428
10348676
12695357
13140039
12695308
10347968
12864583
10348062
10800274
13125279
10588957
12836095
12982309
10495560
10348448
13037741
13096162
10348089
10347903
10717642
12894564
10782407
13090008
10495605
12695253
12754604
13091980
13007922
10704871
10495721
12833194
12754541
13125274
12695424
10782405
10625294
12950895
12695263
13128485
12819193
10348158
12695425
10348874
13130678
10451055
10348201
13128481
12754587
12817635
12754571
12818842
12754617
10763956
12754559
12781141
13048273
12695519
13139290
12832507
10348473
12695281
10702586
12848749
10349163
12695394
13140814
10349239
12695384
12971695
12754526
12754542
12836636
12885782
10614876
10495829
10772549
13062168
10348588
12754531
13096163
10811659
10450911
12836946
10790107
10348013
10495683
12695516
10348669
12755864
13021575
12978205
10716257
12695359
10349081
12992951
10703262
12695309
12991009
13190912
12695242
13021574
10495719
12695439
12832505
12695546
12754537
13140437
13140448
13162346
12695412
10451093
10495689
12695403
13112261
13040165
10348855
13140439
10451050
10685201
10694070
12945995
12695489
10349108
12781597
12695463
10451073
12695411
10348252
10508688
12754551
13191469
13013697
12950496
12695390
12836944
10348214
10348649
13164587
13094311
10501416
13162803
12847997
13036647
12754515
12695278
12754618
12695244
12695290
13190910
13129602
12754547
10803350
12982214
12695342
12950491
12848750
12695326
12695301
10451064
10348942
13040164
10348143
10772364
10348606
13048275
13038689
13020829
13137251
12695283
13039913
12836414
10588314
12754595
10348687
10349151
12695530
12754535
13007223
12981467
12812712
13096101
10348039
10348369
13048602
12695407
12950494
13056559
13141943
12907881
10710103
12695289
12754583
10348222
13054258
12695295
10348995
12754580
10348638
13161008
12754518
13141169
10349170
10515507
10349220
10347932
10495718
12695257
13140443
13020155
12695391
12695270
12695485
13074197
12850583
12695535
12695275
10760537
12796809
12754576
10348281
10348647
12695435
13140435
12695447
10495554
10711691
12950897
10713017
13002609
10348135
12849462
10495556
12754523
12695269
12754615
10735587
10348048
13063770
13074196
13130679
10348037
10760397
13149578
12857011
12695266
10451250
12695548
10347920
13074983
10349215
12695469
12759449
10348094
12762438
12695471
13038695
12949021
12754585
13125271
10348906
12875403
12695522
10450915
10348879
12853726
13019557
12967579
10348263
12979712
13083907
10451176
13078860
12695312
10348105
12877507
12981468
12695419
10348270
12695351
12834169
10348109
12754530
13035796
12851635
10495826
13129990
12695433
12950493
10711253
12695483
12836093
12695449
10720117
12695518
12754570
10348635
12695531
10451035
12695503
13163878
10705370
13163206
12777034
13097520
13137885
13061220
12695249
12853727
13139427
10348664
12695276
10348437
13064253
12875408
12695291
10347970
13040431
10348065
10347977
13007924
12695470
12695367
13049847
12780593
10795593
13094926
12980311
12754636
13082441
10451059
10644281
12695316
12695515
10348785
12695337
12983262
10347913
10728162
12819065
12695340
13140816
13128802
13129605
10347895
10810413
10633990
12754572
12695302
12833201
13128488
13129612
12835709
12851633
10349228
13163207
13163209
12695352
13151350
12695414
12695507
12754507
10451046
12991008
12695348
13141945
12971209
12754650
12754588
12695510
10818118
10348170
10668867
12695365
10451281
13094316
12695345
12695368
12853375
13140819
10450926
10635797
10348021
10784115
13094951
12949015
12864582
10713072
13130209
10723566
13130677
12695277
13046674
10348803
10348015
12989840
10501419
10803381
10798538
10348745
10348278
10795589
13188840
13139440
10348947
10348298
13065556
13038693
13190911
12852868
12695422
10582874
10347909
10803556
13189581
12695491
10348625
12695350
13040897
12695245
12695452
12922431
13040427
12847998
12852871
13163593
13063000
13073276
12754598
12754584
12754565
